turns,time,total_time
6599,2.58,2.58
6413,9.15,11.74
4876,10.14,21.89
4354,36.52,58.41
4096,53.2,111.63
3883,25.97,137.6
3680,4.76,142.36
3385,0.67,143.04
2566,15.79,158.84
1587,55.47,214.32
