turns,time,total_time
9617,39.66,39.66
9356,9.23,48.9
8873,0.36,49.27
8061,15.26,64.54
5782,30.82,95.37
5120,0.64,96.02
3772,1.92,97.95
2933,1.18,99.14
2599,6.89,106.04
2306,14.23,120.27
2048,34.79,155.06
