turns,time,total_time
8799,13.91,13.91
7182,9.08,23.0
7107,3.55,26.56
6600,8.3,34.87
6187,21.12,56.0
5186,1.88,57.9
4497,17.4,75.3
3875,0.14,75.44
1872,16.96,92.41
1781,15.18,107.59
593,2.57,110.16
