turns,time,total_time
643,0.01,0.01
605,0.11,0.12
461,0.35,0.48
276,0.45,0.93
234,9.81,10.75
168,3.08,13.83
154,4.65,18.49
148,3.9,22.39
106,9.8,32.19
