turns,time,total_time
7965,0.08,0.08
6389,0.88,0.98
6116,0.22,1.2
2647,0.46,1.67
1376,2.67,4.34
1031,0.67,5.01
616,3.85,8.87
502,37.09,45.96
477,14.0,59.97
193,44.37,104.34
