turns,time,total_time
9081,0.78,0.78
5904,0.25,1.04
4610,0.12,1.17
4335,0.65,1.83
3836,0.36,2.2
2627,1.96,4.16
2213,4.27,8.43
1594,10.15,18.59
1480,0.06,18.65
993,3.99,22.65
885,20.71,43.37
453,3.16,46.53
