turns,time,total_time
8303,0.13,0.14
6738,3.36,3.51
6537,1.11,4.63
5275,0.18,4.81
3866,2.92,7.74
2835,0.11,7.86
2358,4.79,12.65
2094,4.83,17.48
1044,5.15,22.64
867,3.71,26.35
511,2.71,29.06
335,39.02,68.08
331,56.74,124.82
