turns,time,total_time
8300,0.71,0.71
7572,0.85,1.58
4304,2.43,4.02
2673,1.87,5.9
1863,0.65,6.56
1848,0.25,6.81
1754,2.12,8.93
582,7.67,16.61
556,2.98,19.6
553,7.93,27.53
549,3.96,31.49
254,16.12,47.61
