turns,time,total_time
9768,1.22,1.22
9642,0.82,2.05
5469,1.93,3.99
3137,0.52,4.52
2242,0.22,4.75
1590,2.01,6.76
1467,2.22,8.99
1091,1.09,10.08
936,0.62,10.71
885,11.43,22.15
818,16.86,39.02
732,1.12,40.14
705,0.98,41.12
676,2.21,43.34
388,8.55,51.89
