turns,time,total_time
7225,0.98,0.98
5792,0.11,1.09
2821,1.51,2.61
2344,0.53,3.14
2012,0.35,3.5
1465,2.09,5.59
734,1.49,7.09
568,19.23,26.32
459,6.51,32.84
