turns,time,total_time
4805,0.55,0.56
3300,1.03,1.6
1354,0.26,1.87
1289,1.46,3.34
1136,6.12,9.46
1084,1.07,10.53
740,7.81,18.34
502,16.17,34.52
408,28.05,62.57
242,21.77,84.35
