turns,time,total_time
9684,0.54,0.54
9276,0.21,0.76
8483,0.64,1.41
6559,0.05,1.47
3515,1.54,3.02
1909,0.74,3.76
1074,0.58,4.35
788,1.03,5.39
581,0.28,5.68
551,5.38,11.06
475,8.5,19.56
328,12.86,32.42
