turns,time,total_time
4717,1.32,1.32
3448,1.32,2.65
2978,0.45,3.11
2888,1.35,4.47
2354,3.82,8.29
1702,1.62,9.92
741,1.08,11.0
685,2.28,13.29
609,39.19,52.49
518,17.61,70.1
495,42.18,112.29
459,20.75,133.05
