turns,time,total_time
5735,0.14,0.14
3515,3.96,4.11
3337,4.08,8.2
3283,0.61,8.81
2193,0.67,9.49
929,0.43,9.93
834,3.73,13.66
739,7.71,21.37
678,19.87,41.25
460,7.32,48.57
428,49.94,98.51
280,1.76,100.28
