turns,time,total_time
6293,0.2,0.2
2730,1.05,1.26
1386,0.81,2.08
1172,0.19,2.27
879,0.57,2.85
766,1.95,4.8
752,15.09,19.89
426,18.05,37.95
228,28.05,66.0
