turns,time,total_time
6284,0.79,0.8
2645,1.75,2.55
2152,1.35,3.91
2020,2.43,6.35
1561,0.17,6.52
1205,2.25,8.77
1156,0.3,9.08
654,4.08,13.16
625,39.92,53.09
449,2.91,56.0
394,3.81,59.81
