turns,time,total_time
7335,0.36,0.36
5321,0.26,0.64
4921,1.77,2.42
1810,0.89,3.32
1064,3.14,6.46
980,8.47,14.94
861,5.64,20.58
703,15.82,36.4
451,0.56,36.96
451,6.84,43.81
