turns,time,total_time
3365,0.92,0.92
3146,0.25,1.17
2321,0.83,2.01
1290,1.51,3.52
1172,0.65,4.17
1020,6.07,10.25
794,19.74,29.99
733,24.69,54.69
613,31.02,85.71
456,5.24,90.95
455,4.1,95.05
323,31.82,126.88
