turns,time,total_time
5861,0.68,0.68
5676,0.58,1.28
5511,1.52,2.8
4473,0.09,2.9
2079,1.27,4.18
1784,0.17,4.36
1030,12.33,16.69
843,8.79,25.49
614,10.87,36.36
515,17.48,53.84
410,54.98,108.83
