turns,time,total_time
9691,0.09,0.09
4192,1.43,1.54
4064,0.45,1.99
3128,0.31,2.3
1797,2.2,4.51
1404,1.56,6.07
1160,5.45,11.53
1001,1.15,12.68
539,2.99,15.68
465,7.28,22.96
423,0.05,23.01
