turns,time,total_time
8976,1.09,1.09
4537,0.17,1.27
3468,3.65,4.93
2764,1.05,5.99
2158,0.44,6.43
756,0.12,6.56
584,22.78,29.34
567,18.45,47.8
383,15.07,62.87
326,3.06,65.93
297,50.92,116.85
