turns,time,total_time
3061,0.25,0.25
1898,0.39,0.65
1647,2.98,3.63
1103,5.53,9.17
873,5.03,14.21
750,2.32,16.53
750,1.29,17.82
620,4.21,22.04
609,11.45,33.51
325,18.86,52.37
187,10.16,62.54
