turns,time,total_time
6444,0.26,0.26
4227,1.22,1.49
795,0.88,2.38
681,2.23,4.61
587,8.06,12.67
541,1.6,14.28
507,4.44,18.72
279,19.79,38.52
207,43.55,82.07
