turns,time,total_time
8874,0.99,0.99
4087,0.83,1.83
3586,0.5,2.34
2231,3.38,5.73
2205,2.35,8.08
1936,0.22,8.31
943,2.44,10.76
571,6.01,16.77
462,12.93,29.7
393,36.24,65.95
