turns,time,total_time
1559,0.15,0.15
1224,1.7,1.86
926,0.5,2.36
896,1.63,4.0
864,0.3,4.3
547,5.02,9.32
494,15.17,24.5
480,5.59,30.09
443,12.31,42.4
438,29.64,72.05
345,39.2,111.26
