turns,time,total_time
3192,0.03,0.03
1120,0.32,0.36
576,12.49,12.86
539,2.41,15.27
528,26.99,42.26
422,11.39,53.65
415,34.64,88.29
405,16.3,104.6
355,49.85,154.45
