turns,time,total_time
9244,1.1,1.1
8752,1.91,3.03
4388,0.22,3.26
4272,1.34,4.6
2935,1.97,6.58
1899,5.9,12.49
935,1.39,13.88
663,17.84,31.73
527,45.29,77.03
464,11.94,88.97
457,24.4,113.38
415,30.36,143.74
305,14.28,158.02
281,20.32,178.34
263,35.0,213.34
