turns,time,total_time
8355,0.21,0.22
7473,2.44,2.66
5113,1.6,4.27
5005,1.88,6.17
3643,0.26,6.43
2054,2.01,8.45
1554,0.14,8.59
937,1.72,10.31
937,16.37,26.69
674,5.83,32.52
348,1.42,33.94
