turns,time,total_time
6151,0.08,0.09
3101,1.42,1.52
2923,0.94,2.46
1161,1.0,3.47
1104,5.94,9.41
1054,6.47,15.89
938,5.99,21.89
423,4.76,26.65
373,20.31,46.97
