turns,time,total_time
7941,0.32,0.32
4885,0.03,0.36
3216,1.03,1.4
1182,2.35,3.75
1172,4.45,8.21
907,18.11,26.33
829,9.92,36.25
634,13.75,50.01
513,19.77,69.78
485,31.78,101.56
464,28.33,129.89
419,2.5,132.39
379,24.55,156.95
305,35.05,192.01
