turns,time,total_time
8227,0.13,0.13
7042,0.11,0.25
5379,0.15,0.41
1213,0.49,0.9
935,0.53,1.44
580,7.23,8.67
559,5.72,14.39
471,18.75,33.14
466,9.78,42.92
300,7.04,49.97
