turns,time,total_time
9245,0.87,0.87
6030,0.93,1.81
5978,0.19,2.01
3414,1.44,3.46
2888,0.57,4.04
1540,0.31,4.36
658,7.52,11.88
446,18.62,30.5
371,1.45,31.96
