turns,time,total_time
8322,0.58,0.58
7829,0.36,0.95
4810,0.43,1.39
2755,2.45,3.85
1384,0.58,4.43
1127,7.97,12.42
453,0.35,12.77
410,3.75,16.52
309,52.52,69.04
303,54.85,123.89
