turns,time,total_time
4626,0.26,0.26
2951,2.0,2.27
2484,0.55,2.82
1120,1.17,4.0
1109,2.87,6.87
1060,0.06,6.93
966,4.84,11.77
672,3.11,14.89
416,10.95,25.85
