turns,time,total_time
4400,1.23,1.23
4092,0.1,1.34
4075,0.07,1.41
3729,1.85,3.27
3327,0.14,3.42
2999,1.54,4.96
1849,2.08,7.05
1220,2.05,9.1
1015,3.61,12.71
715,1.06,13.77
697,7.68,21.46
683,9.57,31.03
540,28.43,59.47
