turns,time,total_time
5058,0.6,0.61
4609,1.88,2.49
4209,0.17,2.67
1478,1.61,4.29
1377,0.81,5.11
1224,4.39,9.5
1151,0.92,10.42
1082,1.79,12.21
1001,0.55,12.77
952,1.81,14.59
783,10.75,25.34
704,4.6,29.95
415,5.13,35.09
372,15.41,50.5
