turns,time,total_time
3463,0.11,0.11
3218,0.39,0.5
1926,0.54,1.05
1413,1.27,2.32
1209,0.38,2.7
1001,1.52,4.23
840,6.32,10.55
533,20.15,30.71
486,6.59,37.3
457,26.55,63.86
426,28.18,92.04
346,22.68,114.72
