turns,time,total_time
7628,1.05,1.05
7165,0.29,1.36
1132,1.6,2.97
1014,5.16,8.13
953,0.05,8.18
641,7.03,15.22
633,38.94,54.16
581,2.14,56.31
398,6.89,63.21
271,1.61,64.82
180,50.83,115.65
