turns,time,total_time
2294,0.31,0.31
1320,0.26,0.58
1236,0.45,1.03
1127,8.46,9.5
817,0.59,10.09
638,2.1,12.2
618,37.1,49.3
568,16.84,66.14
294,27.69,93.83
