turns,time,total_time
7781,0.2,0.2
3989,0.84,1.05
1767,1.71,2.77
909,0.48,3.26
746,7.52,10.78
491,5.2,15.98
409,22.05,38.04
390,48.6,86.64
288,14.33,100.97
