turns,time,total_time
8816,1.23,1.23
6311,0.11,1.35
4967,0.58,1.94
3847,0.3,2.24
3225,3.07,5.32
1299,1.76,7.08
1186,8.65,15.74
622,5.14,20.88
443,16.58,37.46
422,31.71,69.18
390,15.69,84.87
317,28.24,113.12
