turns,time,total_time
4755,0.85,0.85
4514,0.2,1.05
1566,1.29,2.36
597,0.97,3.33
493,29.42,32.76
450,31.29,64.05
438,32.92,96.97
332,25.09,122.07
251,28.32,150.39
205,47.16,197.55
